00 01 00 01 00 01 00 01 00 01 00 01 00 01 00 01 00 01 00 01
01 00 01 00 01 00 01 00 01 00 01 00 01 00 01 00 01 00 01 00
00 01 07 03 03 03 10 01 00 07 10 01 00 01 00 01 11 01 00 01
01 00 04 02 05 05 09 00 01 08 09 00 01 00 01 00 01 00 01 00
00 01 04 06 00 01 00 01 00 01 00 01 00 01 00 01 00 01 00 01
01 00 08 09 01 00 01 00 01 00 01 00 01 00 01 00 07 10 01 00
00 01 00 01 00 01 00 07 03 03 03 10 00 01 00 01 08 09 00 01
01 00 01 00 01 00 01 08 05 05 02 06 01 00 01 00 01 00 01 00
00 01 00 01 00 01 00 01 00 01 04 06 00 01 00 01 00 01 00 01
01 00 01 00 01 00 01 00 01 00 04 06 01 00 01 00 01 00 01 00
00 01 00 01 00 01 00 01 11 01 04 06 00 01 00 01 00 01 00 01
01 00 01 00 01 00 01 00 01 00 08 09 01 00 01 00 01 07 10 00
00 01 00 07 10 01 00 01 00 01 00 01 00 01 00 01 07 05 09 01
01 00 01 04 06 00 01 00 01 00 01 00 01 00 01 07 06 00 01 00
00 01 00 04 06 01 00 01 00 01 07 10 00 01 00 08 09 01 00 01
01 00 01 04 06 00 01 00 01 00 04 06 01 00 01 00 01 00 01 00
00 11 00 04 02 03 03 03 03 03 02 06 00 01 00 01 00 01 00 01
01 00 01 08 05 05 05 05 05 05 05 09 01 00 01 00 01 00 01 00
00 01 00 01 00 01 00 01 00 01 00 01 00 01 00 01 00 01 00 01
01 00 01 00 01 00 01 00 01 00 01 00 01 00 01 00 01 00 01 00